NodeObject(1,1,0,1,75,4,0,14,0.47821197802450777,false) -> NodeObject(12,4,10,1,31,1,4,2,0.7408936060965354,false)
NodeObject(2,3,1,1,24,2,2,7,0.7741689727481692,false) -> NodeObject(13,0,3,1,93,4,3,10,0.06637445837306788,false)
NodeObject(3,6,16,1,43,0,1,8,0.579428346553478,false) -> NodeObject(7,1,4,1,6,2,1,14,0.21785306652313563,false)
NodeObject(4,4,8,1,8,2,5,16,0.9073106080075393,false) -> NodeObject(18,2,0,1,80,3,6,1,0.8557798217166844,false)
NodeObject(5,4,7,1,79,4,6,1,0.34762627295317605,false) -> NodeObject(14,4,17,1,2,0,3,13,0.17950049026062131,false)
NodeObject(5,4,7,1,79,4,6,1,0.34762627295317605,false) -> NodeObject(21,4,14,1,30,3,3,10,0.05614565169070462,false)
NodeObject(6,3,9,1,14,3,0,3,0.1569246389874972,false) -> NodeObject(5,4,7,1,79,4,6,1,0.34762627295317605,false)
NodeObject(7,1,4,1,6,2,1,14,0.21785306652313563,false) -> NodeObject(20,2,15,1,47,3,1,4,0.2819537263199764,false)
NodeObject(8,0,11,1,26,1,3,8,0.001490835869235152,false) -> NodeObject(6,3,9,1,14,3,0,3,0.1569246389874972,false)
NodeObject(11,3,9,1,78,1,5,10,0.0925369658807551,false) -> NodeObject(17,3,2,1,4,4,3,19,0.4455734172631467,false)
NodeObject(13,0,3,1,93,4,3,10,0.06637445837306788,false) -> NodeObject(11,3,9,1,78,1,5,10,0.0925369658807551,false)
NodeObject(14,4,17,1,2,0,3,13,0.17950049026062131,false) -> NodeObject(4,4,8,1,8,2,5,16,0.9073106080075393,false)
NodeObject(15,5,5,1,35,2,1,3,0.7460569976508542,false) -> NodeObject(8,0,11,1,26,1,3,8,0.001490835869235152,false)
NodeObject(17,3,2,1,4,4,3,19,0.4455734172631467,false) -> NodeObject(15,5,5,1,35,2,1,3,0.7460569976508542,false)
NodeObject(18,2,0,1,80,3,6,1,0.8557798217166844,false) -> NodeObject(19,4,18,1,68,2,0,2,0.945166666746549,false)
NodeObject(0,0,11,1,84,4,5,9,0.5827776292984372,false) -> NodeObject(2,3,1,1,24,2,2,7,0.7741689727481692,false)
NodeObject(0,0,11,1,84,4,5,9,0.5827776292984372,false) -> NodeObject(1,1,0,1,75,4,0,14,0.47821197802450777,false)
NodeObject(10,3,8,1,4,2,10,3,0.12086122943395272,false) -> NodeObject(9,5,16,1,46,1,38,13,0.963804686198123,false)
NodeObject(9,5,16,1,46,1,38,13,0.963804686198123,false) -> NodeObject(3,6,16,1,43,0,1,8,0.579428346553478,false)
